500
0 2685 1843 8792 7285 2531 921 7363 6472 2368 5470 3107 5535 7842 2010 2102
1 9602 5753 5209 4868 5108 3588 143 8185 2373 4911 7795 8116 369 1218
2 8017 466 5827 3271 8452 934 6793 6733 6612 9247 2823 9091
3 9490 9779 7108 1500 9604 8165 9297 8644 105 6330 2858 6440 8052 3795 5751
4 9577 5734 1453 9662 7469 3523 8724 562
5 37 3124 2858 4702 7998 6496 4821 646 3920 3534 7902 2364 5767 8396 4765
6 1545 7809 314 2795 9335 3426 8811 1695 843 8916 7852
7 9231 3373 1842 5983 2029 1476 6652 4262 9736 6480 8947 2109 6644 1105
8 5975 4243 3487 9261 409 1675 2404 8570 8177 3274 78 8516 4345
9 1789 3457 2820 8826 2756 618 7106 8815 111 1858 2314
10 8347 1112 16 516 9454 8931 8071 2217 7748 6246
11 5497 8076 8907 9305 4056 1128 5670 9210 9268 7867 2352 7210 4369
12 6683 9226 3264 1846 8787 7318 2953 8915 939 7602 7085 6218 4298
13 4263 4375 4582 4493 5979 956 7879 44 9776 5598
14 5189 7084 9736 4985 9933 1079 2699 6922 1754 8880 7584 67 8995 1712 9500 9892
15 2639 6832 7643 3330 6258 4670 4504 5164 2277 4437 6728 3874 9741 3947 1786 2752
16 9498 8218 6806 1480 4316 111 648 5515 1185 3952 4504 8276 6635
17 5351 3845 4249 8079 5466 5475 4605 6210 788 2840 4574
18 8062 8147 7053 7195 1218 1172 2938 5139 5172 9434 4346 6843
19 9410 2563 7150 5730 20 7335 5724 3651 5899 4701 75 7332 9748
20 9851 933 5133 2965 7688 105 8670 8136 8566 3425 3936 7737 2965 2336 6106 2745
21 9379 320 6283 1234 8837 2618 9378 5338 3984 1427
22 2831 3523 3022 3856 8918 4252 732 4372 3767 1709 5591 5402
23 2405 7814 7828 7409 4851 6812 6778 3010 7107 3273 1841
24 5991 460 4560 108 3894 6557 9860 2772
25 9456 4890 8589 3218 7884 436 9250 900 7175 5164 6869
26 1983 9223 523 3029 1940 1792 8257 8245 487 8347 8456 9418
27 8522 7166 734 5681 3183 2886 6870 8546 952 6993
28 620 1630 9519 775 8905 9679 3438 377 9290 9426
29 7754 8050 9173 7427 7707 5813 3760 8345 2837 3025 740
30 8314 7163 8027 779 8608 7193 5768 1417 7757 8168 6178 470 7086
31 363 729 2261 3589 4110 8983 3605 4638 1079 571
32 90 4167 8824 5847 6321 6153 9600 8715 9291 6042 4158 5268 3157
33 2097 9132 8742 6470 7537 1242 7403 5067 3849 581 3052 9515 8643 1781 2595
34 2458 6304 4416 4540 3603 1015 1057 4424 2429 1282
35 5835 7832 7623 4750 4704 6038 6883 7008 1367 381
36 5798 5177 7822 2361 7215 1312 4249 2016 2947 5329 3061 3613 4034 4730 9712 9649
37 2072 3485 5265 399 1413 8224 9082 6085 8119 3239 3559 379
38 4506 8596 8814 1882 5621 7237 2820 9273 1595 2786 4589
39 903 8343 3308 3592 3771 9257 1940 5591 1093
40 4150 9559 6135 9714 1673 8862 4900 5515 4730 4811 5046
41 6083 7609 5359 25 5679 1763 1377 1553 369 4892 7326 9496 5565 6548 5966
42 5361 8199 7436 6143 7631 2630 1593 6958 5518 8613 2488
43 1163 9550 7027 6133 3467 2620 4023 9490
44 814 7051 9658 7664 7899 9415 2280 5965 9657 788
45 3675 3582 9369 4605 5697 5323 154 4638 3690 8746 8510
46 8447 713 3769 4816 9471 2500 5520 4678 3436
47 2656 6302 8814 2913 3957 2940 9139 9404 1492 8511 8118 1932 1981 7363
48 272 8939 7137 8169 4775 5273 1038 6660 813 3762 6434 6203 9172
49 9338 2892 2786 192 5124 3796 3559 1780 8568 9861 6169
50 2756 1175 4201 3157 6647 1665 7042 5127 6378 2311
51 1090 4286 5949 4345 9092 4151 6647 6522 1091 935 8251 5048 6535 9510 8450 7898
52 411 9839 376 4315 6040 3090 4119 45 8411 8792
53 3854 52 9344 7693 1681 7072 1708 5502 5704 4044
54 7274 3770 3473 9520 6346 2559 501 6226 7598 758 689
55 1620 2217 920 3271 548 3210 2356 5685
56 9733 2466 6267 7044 3812 9674 8270 5724 6279 6026 5989 353 5681
57 6538 3508 6267 8590 9787 1353 8445 729 9223 9894 8098 5197 6176 3199
58 2116 6600 4863 494 704 2579 1728 4173 1243 1141 4326 9415 3167
59 7131 2581 3982 6179 2967 1706 2083 7703 7616 8210
60 2612 5214 2302 6428 85 1822 4781 4049 2960 8776 7930 5420 5933
61 2764 3427 8797 4379 796 9427 5052 7981 5567 6957 2205 5799 9747 7736 6131
62 8300 6080 3374 3999 8518 3699 5274 2968 2216 4845 3974 1850 752
63 4290 5981 9751 7002 6703 5402 4783 6175 8964 1501 6337 5858
64 4620 7937 7162 502 4844 1626 1844 8819 8256 2721
65 1967 366 2775 6346 8800 991 1473 3797 1313 1943 1972
66 3943 6120 9797 1564 1654 6971 5387 2585
67 8863 4654 9343 4934 751 2642 6693 4158 5547 6785 5008 5339
68 8750 8957 4 6683 7672 1109 6485 6576 9229 5234
69 5710 3227 5775 7035 3480 6440 7777 5256 7297 9161
70 6260 4232 649 7284 3304 9729 3869 9632 9677 46 6466 8700 3541 3642 3546 5038 2086 9684
71 198 9588 1105 615 3290 8642 5954 2959 8999 9858
72 7562 4713 1903 4313 1256 1629 5074 1302 5639 8833 1026
73 7890 4759 9169 8447 6043 2869 381 7771 2080 3555 8304 6389
74 9964 4269 3064 6495 9282 2738 246 1097 5228 337 7766 9334 1639 8571
75 7395 9895 3223 2345 5739 2285 5402 2161 9820 9397 6292 7903
76 4361 6266 6722 973 9533 3913 7812 8934 9782 6051 5703 7134 2037
77 9898 2788 8689 5156 8712 2644 8186 2121 4499 1907 9380 1061 4053
78 5990 2305 988 8803 5182 927 6834 1300 6170 1480 3606 2510
79 1542 8031 5828 9921 4092 2637 1395 2761 5928 8990 4250 6368
80 3403 7978 9727 3825 8515 2702 5433 4494 6285 1495 3928 7570 203 7077 2314
81 735 1877 657 1996 4653 58 8702 1479 3594 8389 4295 6477
82 6725 1380 2459 4864 1837 3981 9279 8090 8621 9737 2090
83 8781 9134 5024 9470 1824 1887 7408 7675 1682
84 5569 6249 17 9912 397 6938 6260 5920 5887 8310 4637 7644
85 8947 4965 120 6757 2223 7232 424 5976 9363
86 4554 5077 1012 3103 693 9910 2498 2102 8491 2717
87 1864 8477 7197 7297 2408 7698 7191 8613 3987 6612 2784
88 2280 8434 651 4166 2043 7221 8206 185 4591 1494
89 8512 8312 3717 9819 8835 7298 412 8114 8166 1297 7293 3033
90 8053 889 1888 6658 6885 8537 9324 3862 5717 4589
91 7646 8716 4443 8981 2097 4303 9583 5244 92 931 3379 7377 8133
92 970 1503 563 6308 6725 4797 829 7338 5993 1215 9329
93 1290 7425 7708 2285 7385 2879 1409 558 395 4329 8808 3343 6750
94 8795 1276 6706 6293 7781 9460 8298 9798 9742 5519 4670 1365 3316 1260 7037 2015
95 4064 5266 7207 5174 7527 5935 2561 488 2669 8360
96 2115 7294 1565 884 4163 5506 4872 2006
97 1331 1687 1252 1031 2087 9717 2436 1836
98 6427 2450 2262 8321 860 951 118 9977 6807 5218 3658 7678 5827
99 7480 5660 4498 2178 8623 6820 5975 5104 2046 8755
100 393 517 6114 1324 8438 826 5358 511 9123 8706 3586 9948
101 6444 8909 7577 8378 3330 6782 4953 7714
102 2995 3004 5814 5710 6562 9480 6459 5839 614 4427 1775 1571
103 7919 991 5679 1819 4747 9960 5703 222 3455 2519
104 4104 1645 4032 656 7118 6760 7981 7951 6099 2833 9797
105 9907 6538 8077 9263 4558 9872 8664 6914 1810 8673 5685 5392 3860
106 6037 2598 9733 5862 3963 8285 2163 8401 8981 1756 4816 7907
107 1140 5961 4705 2776 2095 7864 2364 7440 8365 2944 2293 1106 136 1368 7710 6582 4222
108 8619 7629 5063 5662 358 9020 4957 3737 8494 3197 1227 2985 6648 4912 4007 5069
109 6427 6088 8845 6809 4888 411 9527 4331 1300 2044
110 448 4667 2246 9669 5295 6615 7270 567 6882 4989 9558 4164 9179
111 8074 4500 5956 5883 6014 4473 6584 1076 3972 3958 1542 4245 4555 6909
112 1258 1733 2876 5036 5220 8359 5517 5659 9697 8638
113 4813 6533 5577 1727 8065 7301 333 8193 1950 8481
114 783 2929 9319 1617 8092 9421 8081 8826 8830 4801 7553 8701 2116 7793 3709 5536 7698
115 20 67 4940 6070 2189 3225 7962 1927 4124 750 5945
116 6901 7484 6530 2221 3231 8694 7658 435 7397 6513 7564
117 2874 9069 334 5217 8853 4876 5255 6773 3352 6294 3307
118 9938 4392 6731 5390 6363 1453 6316 1052 7469 192
119 7938 3925 3016 3841 5426 5378 9380 7207 7979 8051 6912 4294 1526
120 5576 8791 1653 5988 957 9895 5422 8904 5286 4404
121 904 8438 1740 4295 2215 9802 8646 9332 2843 9930 9356 3204
122 1812 1594 8865 513 1642 6176 9846 1916 7723 2327 12 7264 2904
123 6886 2015 2052 8439 3021 326 6818 6890 6847 8939 9635 186
124 7061 8905 7137 8412 3006 6885 9182 8570 9576 1175 368 583 2968 8077 6808 1700
125 3540 423 2938 7465 2091 9297 4690 9164 8815 6138 3998 6473
126 8675 5550 1528 9263 5619 9472 1371 1075
127 9841 6231 5356 7413 2128 502 2510 8969 1351 146 807 6681 8547
128 9309 3996 2145 6175 7984 7047 3437 4919 6190 7709 5206 8961 9723 3633 4123
129 8288 2088 1807 855 2349 5550 9971 6904 5481 6185
130 7930 6475 7470 6179 2625 5537 9951 9423 5998
131 4370 8549 7011 7987 1851 2701 5448 2094 9473
132 329 8162 9101 8857 996 8516 2316 3104 7753 3689 6117 9709 8452 518
133 2331 1099 211 4625 6736 520 8662 9354 8242 9303 2456
134 112 543 9791 3951 2497 633 7321 8920 1997 1770 7790 1295 8993
135 7954 6758 9097 7280 2231 2673 5031 4809 6568 4349 8023 2660 4520 2829
136 1148 4569 4092 1100 310 7680 6009 2062 218 2370 7242
137 6590 5961 7303 6207 4535 9467 941 4457 8586 9737 850
138 1397 7928 925 5892 2410 7148 3366 6862 3173 5301 1121 9396 8164
139 1951 5482 9943 1936 8132 9656 1946 8122 1035 5725
140 3623 3654 2193 8113 4534 9057 4576 6575 9353 3092 8129 6636
141 2581 7632 4389 24 2327 5416 8956 7319 5026 4153 3308 1584
142 460 2214 2133 2271 5604 4787 7758 1243 957 3231 7749 9743
143 6124 8373 8883 2948 9291 1473 997 44 8216 6809 7431 3427
144 8752 7573 7262 7698 33 9062 4350 3415 7762 2356 4015 5560 566 2295
145 6955 1074 57 1134 5876 4453 3357 863 5817 441 4925 9317 2651 5944 6059
146 9695 8917 3021 5808 4711 9916 8283 5388 2979 8307 3798
147 5797 9085 2029 9826 9794 3237 9061 9515 9646 299 1041 2455 5105 6144 9418 9715
148 2399 8925 1893 1973 3044 5021 6618 3780 8096
149 8809 9876 721 2460 6117 2503 9418 6851 4925 6562 8973
150 8445 4722 6101 5772 9720 844 6120 6896 4168 9559 9354 5011 6331 387 4787
151 2311 6049 17 478 7278 1175 5435 693 6659 6784 6831 2941
152 704 3966 1210 1329 4122 4512 4848 7632 8353
153 840 8859 309 7690 5694 3763 6991 310 4294 5287 9219 9485 2297
154 5001 1193 779 1069 2200 5916 2925 678 9971 3380
155 9553 8468 9105 9588 2917 2459 5408 2942 9198
156 4828 664 269 5381 4082 8841 912 1152 1412 6361 1411 2939
157 4144 9697 8759 4372 5715 2534 3128 7421 9894 1295 7385 266
158 7949 7951 7215 3519 6060 6320 7089 5492 5705 7102 4446
159 6824 4800 1017 4705 8597 428 9400 9821 2026 6650 6653 917
160 9973 1084 8305 7605 1910 214 1105 7799 2173 8574 8025 3798
161 8182 2605 680 8916 3010 733 6214 3816 6676 8621 6554
162 4092 7142 6368 6474 7244 3818 9944 2771 5883 1959 570 5497
163 4525 973 15 5659 9179 289 643 9153 309 5152 7836
164 168 2863 3382 4140 2373 9195 4682 3444 6365 3237 2698 2189 6847
165 1061 2074 3583 4091 4067 5478 1090 7767 4028 3007 8776 2100 5621 8931 844 5752
166 9781 6696 3900 773 7173 1344 4841 4380 9531 3558
167 1418 6864 280 7915 1142 1362 1468
168 172 6981 228 6540 4048 5820 6272 7606 259 6125
169 4806 7051 3247 8213 6096 8188 1513
170 9492 386 6073 5018 4704 2787 6515 8601 6977 5266 9237 7895
171 7418 4794 4212 9894 7145 7860 3668 9735 6189 302 903
172 5729 2960 7525 6382 3640 2337 1259 2676 9192 5701 6839 7630
173 166 5557 3108 2752 5985 2087 2952 7436 3004 3758 5890 9152 7016 2072 6630 4299
174 1571 1168 2826 8906 2547 2476 3140 8413 7026 2092
175 9626 3499 9307 3143 5891 4702 4999 5656 8296 2274 5898 5876
176 6408 2783 6911 1266 1809 6271 468 6039 5525 3062 4842 4031 2954
177 2935 8802 5301 357 9916 6076 5 6390 8965 90 332 7653 9932
178 3823 2268 7454 1585 9242 2592 8015 3499 887 4684 8909 9315 3398
179 3638 6731 4373 1214 8439 2028 2492 4026 9582 8786 5324 2975
180 3522 8676 6842 1863 3559 680 9722 773 5423 259 7498 9351
181 8259 8905 9383 87 9582 6098 2000 4964 9193 4733 6432
182 5784 8095 6183 5219 565 9632 6834 8633 1339 1102 9114 4318 6808
183 652 9528 5713 8671 7771 1140 605 4839 1722 7807 9711 1142 5351 3138 9924
184 7995 9413 2500 8011 5748 1756 5651 9998 9962
185 3698 7649 7009 4456 3097 9055 1273 3699 7598 8366 7556 3509 8278 4780 4679
186 5 5128 717 8218 183 1962 5724 7957 3351 6452 4377 3575 6896 3521 8931 1192
187 5142 5469 2773 810 5185 7832 9539 8748 4157 8509 687 866
188 2084 3750 3309 4056 3215 4722 6419 1510 2666 2625 1663 4275
189 4580 3012 1022 6402 3919 517 7128 2164 925 2480 9891 8541 7772 9227 9703
190 9904 2634 8706 4577 2795 8833 6304 7261 1121 7489 39 3754 8547
191 3822 7812 2107 1672 1163 3709 5344 3836 425 9981
192 5332 4787 341 2588 8237 3975 4717 9533 339 7962 5991 6347
193 7937 8371 7688 1477 8762 5241 4315 5560 1595 5564 890
194 2302 6885 696 1431 3001 6360 1236 2365 2049 6316
195 9708 7995 3814 5226 3789 15 6437 2365 7486 1804 589 5910 3043
196 5311 2185 7305 984 3360 3439 2460 5650 7779 9746
197 3047 2470 2521 9171 2 8133 8147 2352 1618 2036 8447
198 8713 6305 237 6106 7412 3132 8118 3020 764
199 3527 593 5677 9588 20 9502 4683 9456 9004 7335
200 1842 4743 176 4493 4156 8250 1583 1371 4920 9565 2046
201 5038 1776 5839 6935 3682 4200 6732 3708 9922 7452 9254 2787 1770
202 305 8588 5566 6507 6028 1360 418 6181 2311 3803
203 4214 5284 9179 6888 5311 9715 7573 9141 7929 6544 2588
204 5821 7928 6643 4461 4055 6745 3094 567 9612 8887 1359
205 4620 8032 7606 5752 8443 9476 1313 3826 5904 3084
206 3166 5172 1841 7914 4336 4467 8784 3230 8200 5003 5131 2637 6716 2396 5989
207 9879 9089 8462 9036 6037 7682 9432 2011 4061 8965 3100 3313 1206
208 9412 1054 7560 1373 3653 808 1633 1346 5912 6085 9981 8095
209 2269 3880 8843 9903 677 3045 9927 3231 8093 9357 6434 9935 1894
210 9546 4815 6454 2022 7508 7484 6079 1752 5832 239 827 7133 1167 6765 7992 2954
211 3890 8599 5726 1889 5549 5995 4497 4924 2912 5176 3120 7529
212 1891 4235 3009 4369 9981 4684 3808 5503 5322 429
213 7160 4120 3961 7109 4134 2420 1760 4437 6561 1264 5908
214 5314 7102 9276 6891 7203 9911 6305 1273 7907 924 6273 8887
215 3977 9102 5238 5279 1098 5048 8841 2389 1733 7068
216 5771 2708 3480 8645 7884 7472 3869 4431 8550 5980 1148 6547 3880
217 1730 1345 6048 8054 3877 1325 1340 5575 9882 2196 1324 6421
218 3855 8410 6007 7179 8189 2021 7539 7337 4931 5913 108 8102 1168 1036 7722 5003 2666
219 2626 2983 9556 1079 9641 7653 4297 7500 6290 7198 5070 2547 7393
220 3299 8033 4233 868 5615 3159 1085 7010 9379 4136
221 1492 5702 205 4787 2409 2705 2941 8214 1905 4611 7352 1483
222 8363 4953 2794 1392 8615 8070 8338 2904 242 1009 2130
223 9949 9704 2204 7592 6494 342 548 3443 3877 5648 5999
224 6157 1152 8017 7710 5046 1601 4299 6228 4740 2049 2141 4500
225 904 5593 9381 1169 9667 4938 2260 8842 7040 4776 3909 7516 7337 8879 627 4150 5033
226 1298 2253 4364 3095 555 5585 3313 1997 9875 5136 1658
227 5318 8330 9258 6952 9948 9420 9550 5414 9741
228 470 1624 5470 8566 3016 1839 3911 6672 2512 660 3541 1287 5269 5837 3105 6214 774 6642
229 6398 3460 8937 1766 2473 9409 4929 9858 4645 1032 5273 6959
230 5297 2574 8653 1341 8934 5257 2127 499 5303 6793 7183 1673 3884
231 8468 9972 6248 1315 288 8900 3920 2504 1966 709 9640 3152
232 1468 3770 7455 5629 1401 3215 6807 3567 1440 3140 8150 3755
233 1405 5555 9725 8529 9632 1325 7303 2337 3869 4772 5658
234 3568 5781 2159 6861 6300 4532 9497 5131 1278 4766 5536 1763
235 769 8871 5925 7703 1997 4210 8551 229 3619 9260 5965 7491
236 8492 1940 7955 5089 4353 469 5507 8656 288 7041 7178 1964
237 5646 5825 5144 7327 2658 9294 518 2700 3539 7817
238 6555 8258 7744 5891 3352 8844 4643 9098 3133 3329 2304 1873 4061
239 3549 7978 1042 8807 5093 3359 9147 711 9524 5676
240 5966 8238 8978 1225 3751 5999 1975 6867 8825 8251 7309 6206
241 5264 5388 9735 5920 5878 9169 3392 1450 2959 504
242 2236 5704 7111 3764 3355 4695 7884 7537 5909 8710 3357 1054
243 3510 7532 5574 9863 5571 5374 2084 4538 7950 1401
244 7794 8342 8540 4579 2380 3770 3087 3069 9825 9668 6274
245 273 3776 869 9744 3659 9817 9696 3244 8615
246 6295 9365 5919 3333 4812 5601 5705 6347 5313 6166
247 5048 6615 8999 489 1951 7098 8307 9568 3204 6327 8167 3712 2266
248 3923 9914 94 7225 8439 5473 4233 2679 4897 9591 4885
249 1253 946 4692 1747 3929 3180 45 4846 2949 9528 3318
250 5605 2196 682 5826 4088 3359 3798 7792 6588 7236 4882
251 2715 699 9256 788 5813 7070 9697 5941 6531 1771 541
252 6038 1773 4907 465 1974 9218 3281 6967 9785 6368 3281 5854 6635 3789
253 4030 9223 9779 4763 6514 6218 7062 3931 1888 4823
254 4932 2668 1753 4 4483 8776 258 6748 911 7692 2400 5471
255 8955 9634 8435 745 5359 2703 3875 819 7129 3613
256 1801 5872 5143 3580 6193 4767 6513 7827 605 3048 3782 4354
257 1004 5389 7722 6336 5603 1724 6537 7248 8787 6486 227 1376 2889
258 3152 4821 1428 9586 9109 6605 8255 8 2972 5365 1228 4671 1292 2794
259 2915 6920 7910 5875 2659 6995 571 954 7732 3458 1764 1879
260 4285 3118 2060 9055 4084 5023 6474 186 5487 3589 6786
261 7385 825 4698 1502 9623 5241 2966 4590 2671 8474 6202
262 4266 8927 8374 7639 1500 5407 899 7186 1347 5433 977 3386
263 417 3437 2160 2673 8598 7386 2875 6517 8963 9013 3962 4788 3053 3728 3506
264 1302 7597 1734 5447 5099 1473 8858 7490 1312 8171 438 2362
265 6322 3684 5402 7372 6758 9293 6593 7379 6964 9758 2561 6457 8396 9065
266 9126 9263 627 4603 9258 1108 3847 3395 22 4179 6880
267 8610 8831 1492 1717 1562 7001 7656 5451 6882 6716 7271 2117 2049 8659
268 728 9752 8256 1434 5152 2939 3082 141 873 590 4978
269 9754 2076 9996 4543 7213 877 5327 2917 8046
270 7475 4544 3028 8039 1739 3857 3037 9230 3206
271 2684 1691 940 8501 5817 5567 2318 8875 1963 9509
272 4661 5996 1045 9376 5088 5319 2665 1265 68 4798 4011 3452 8697 1174 8930
273 7617 8760 8784 3630 5880 7876 7562 7554 116 9415 2191 6731 9463 8461 7548 8987
274 7533 6520 2572 7152 1385 7023 532 991 8661 6908 8884 5710
275 5361 3464 8133 5262 9455 9502 2626 5060 8489
276 9158 585 1160 2268 2966 7886 5070 9221 4054 5775 6848
277 9033 7589 1597 4912 8214 9941 1281 4059 5678 133
278 9576 9828 7781 4089 3053 8839 4936 6157 5800 9279 8135 9614 4558
279 4333 4602 738 9423 5168 4186 3466 7155 4990 2192 2066 5926
280 2440 1024 8640 505 3937 8102 113 7288 4130
281 2899 4539 1253 997 9759 3697 6409 9684 6397 9400 4023 7938
282 2595 7526 3352 4560 7904 8169 876 4391 9013 3701 4867 2265 8673 4314 6299
283 8495 3039 877 9335 275 9420 5497 18 904 4828 9016 4539 6233
284 9530 927 338 7547 7865 3259 2078 2661 1140 8539 4682 3573
285 3646 8721 8042 6351 1726 1831 8636 8447 6045 3481 5781 2131
286 5431 6362 4891 4396 7081 1931 919 9918 9216 1491 9344 9576 2632
287 4977 2364 336 1099 2671 1748 8783 4770
288 8243 2583 5035 5324 9434 1313 120 172 432 8427 9944
289 1037 4432 2673 7067 7116 5923 598 3563 7269 6282 950 9369 4611
290 2574 1272 6489 3157 6955 555 8401 9218 4609 1158 3036 8588
291 3757 8715 915 6165 1057 1282 6115 4920 976 3155 1092 5918
292 5869 89 2321 2444 9386 7166 7389 9952 4605 361 3388 686 5846
293 2638 7425 1423 1918 3396 6292 5501 7189 5669 6718 5579
294 6641 7384 8225 3994 5659 2415 390 177 9008 8859 414 3903
295 412 4834 184 952 2119 7503 6675 4369 6023 3555 7316 4802 259 3853 3126
296 999 8667 7316 8738 3533 2429 5309 2940 9596 252 1089 856
297 3021 3957 5568 7691 9099 5986 6012 2581 3801
298 1323 1843 1167 7493 7718 6523 3824 2315 6339 7314 6887
299 2411 553 2243 8666 646 3563 593 5731 9855 6327
300 5727 3860 6762 4616 8650 3529 6596 2095 1625 2909 8936 3873 2982 6960
301 2895 4290 3561 2909 6364 2529 3741 1507 244 9023 5818 2131
302 3665 208 3224 9539 3751 9469 1340 3966 5876 4849 7670 7196
303 8370 2195 2189 3071 229 9528 2581 8845 4041 2373
304 1651 4115 5873 8237 9697 6213 3240 3923 51 8723 1454 5164 641 8702 751 4077
305 741 6950 8022 9814 7797 7846 387 676 1584 9283
306 5173 2667 6100 6542 7693 684 6508 1235 9075
307 9408 5191 2994 1695 6266 3380 4762 9939 5312 8243 7708 858 5925
308 9258 6535 1419 379 7998 9698 4435 2497 2942
309 4561 9636 367 0 8354 3367 3476 5131 8830 5530 200 5725 5467
310 6587 7512 4716 6980 8300 7439 9681 8601 4655 3326 306 6685 5861
311 2987 7122 9965 1563 1601 9414 8335 2806 2507 9884 2281 6113 6941 2147 7791
312 6090 8361 2858 6 2836 9178 6956 2600 6070 9354 2873 1659 8955
313 475 4621 5760 2707 8770 9464 9176 6138 1663 2171 7210 9150 5432
314 5955 2677 6002 2020 9798 1272 4686 5851 7770 6163
315 6467 1209 7458 4527 7998 9722 7445 7781 6029 4351 3602 1316 4416 8173
316 2366 9708 9785 4313 6993 8980 420 7551 2304 7154 5522 4661 3842 7111 4740
317 3147 2318 2479 8845 1023 4154 4527 9344 7866 2000 3006 251 4282
318 888 685 7903 2131 8374 7528 9761 1431 4702
319 8037 5086 1500 4223 3174 1283 8880 5206 662 4973 7412 680 5950
320 9317 2868 8901 7000 9144 209 9369 7330 7783 5042 7549 8958
321 9829 9248 5094 7790 9706 8401 5923 3893 9782 1491 2766 6140
322 5744 5608 9069 3851 5420 4700 9413 6685
323 8221 1875 23 6915 1399 4639 5679 4126 8649 3015 912 2993 2559 4857
324 3798 3183 288 4833 5810 1674 6775 8971 6991 8027 2615 7970
325 4629 4110 8586 8978 8742 3530 4110 4764 3030 644 1031 109 4579
326 5414 7983 4674 1061 9676 812 8652 4592 523 9883 6837 2005
327 1264 6971 2664 6093 998 3350 1314
328 4947 5096 4193 7063 3467 2096 8777 9009 888
329 5680 4173 6871 6880 7975 7093 4256 9861 8724 5517 1294
330 7889 1097 1997 9698 6240 5045 2734 839 8287 9516 8020 6287
331 3438 5238 1697 9974 3498 6838 5331 3326 7126 8466 4425 9348 8751 447 7126
332 6193 9319 9767 9719 3274 4833 7093 3066 7571 2714
333 6259 658 4740 108 6839 270 1490 1287 2820 2054 7583
334 6030 9951 5169 1319 269 3565 5559 8378 5625 7622 6949 9912 2408
335 3698 2425 187 4349 3007 8863 6039 2153 121
336 663 5570 7430 2444 6008 8291 1361 7935
337 1368 7805 8539 735 8410 321 375 7839 5364 6222 5785 8747 6687
338 6619 8664 5497 65 4021 3030 3139 5197 5307 641
339 7779 5642 8579 7321 2767 19 4762 991 1690 4302 6339 7900 5431
340 5308 6571 2065 3302 8418 669 4774 5204 7660
341 2510 3282 5838 3355 410 804 114 6024 1795 7438 1022 5097 5773 480 4738
342 5869 8946 1920 646 2455 8915 2897 6792 4219 4933 4131 4648 3049
343 2971 3566 3963 1887 6218 1376 3721 7985 4707 7701
344 8889 8132 7483 2948 9848 2472 801 279 4583 7894 3808
345 1076 8687 3427 1681 5860 6317 6323 1518 9948 5148 4670
346 8946 2876 2415 8804 5462 660 470 9830 9683 6353 9645 5478 6182
347 9589 3447 1035 2837 6111 1795 4647 3828 2497 9885 6933 7868 7842
348 8389 1473 5499 607 1531 3316 2529 6424 3255 7907 5712 1339
349 4654 1881 1322 5822 1689 1034 9801 7483
350 526 1162 4076 3877 5550 921 2921 865 8231 7896 7824 7442
351 6233 3518 1354 5292 7182 1741 9182 774 2838 658 2441 1839 7793
352 4396 3531 8719 4293 1592 5514 2962 4109 3045 1330 5067
353 8959 4972 9051 3710 1840 5361 7052 3247 6941 1796 5840
354 2243 4411 8520 6747 4889 6914 2793 376 706
355 8014 6892 3985 6914 2788 9355 4386 4748 1722 658 1407
356 5221 82 2189 5721 7530 927 3784 7560 516 5448 4340 8377 9453 7371 1309 4606 9050 6928
357 208 3562 7445 7828 686 2061 6297 1971 8466 5241 2310
358 7166 5110 397 1617 3330 7480 1925 4695 163 770 4000 70
359 9583 8828 4579 5487 6143 340 9365 4363 6096 3026
360 530 213 2059 7493 3762 46 5172 5588 8385 51 643
361 7790 5591 7930 2173 9895 3792 304 4134 8166 103 3574
362 6140 4096 6175 2353 2813 2805 1822 6275 1453 2907 3173 2682 8790
363 834 2844 1826 728 5638 3124 457 1157 3620 7748 7047 35
364 6375 809 4314 3217 8079 3902 1850 3078 931 982 5466 5072
365 920 648 3026 9240 9729 7547 4692 5879 6143 2043 4431
366 8706 4498 7648 9786 4535 4225 911 8198 6716 3386
367 7130 9154 4901 4284 7064 9955 9918 6236 8146 148 9481 9240 5829 7536 8128
368 3971 6917 3975 1883 7081 5011 7424 5111 5307
369 2473 1305 7154 4689 5762 6805 4505 187 6752 1370 2525 1287 740 2554 6545
370 8975 6962 1329 4064 1791 1595 3351 9787 5340 3273 1056 1301 2897 7335 5801
371 3324 5833 5717 1 146 1554 5257 3060 8367 288
372 8976 4882 2647 4333 7027 8492 7515 6606 9530 4157
373 1401 2236 3362 6119 4661 7227 8372 5047 2450 7628 6859 1059 3910
374 3757 2181 9492 7115 7303 1301 9853 8398 2057 5500 9614
375 7112 6423 9859 7049 6949 6818 715 1188 7001 2825 1655 3664
376 9528 2014 4893 9063 2935 9111 9371 3312 2731 8864 3171 616 6042 5507
377 351 3051 6387 6389 6521 7860 999 9878 2749 3153 5185 9206 1435
378 5744 6304 192 9378 5487 5080 1684 8898 6100
379 1168 7870 9688 9215 4062 2557 6786 2054 5179 1107 2906
380 5757 4782 881 2682 5708 232 9064 2919 5036
381 1671 8199 5692 2501 3868 6479 6430 6385
382 1806 1141 6128 2328 4562 9837 5316 670 9035 2953 7806 7078 3228
383 5064 5316 3182 8768 1287 9931 7158 8485 9008 6939 4144 6754 1848 6748
384 7635 410 6351 7070 6994 1395 4934 9222 9702
385 2670 1806 3764 5665 1408 8191 5917 5862 5006 3759 2320 708 6189 3398 2051
386 7512 9860 4617 7695 4963 7845 4720 2244 3263 4209 1438
387 323 3558 1226 1292 6006 5566 8280 215 1604 3858 3555
388 9914 9635 1446 1699 9593 9834 2430 4495 7465 7454 599 278 7831
389 9433 4218 1214 2603 1101 4003 1864 797 411 7245
390 4706 3092 7802 3415 7989 5543 5560 5448 3424 3545 9671 6616 5089 9185 8665
391 3837 1471 5660 3385 2271 9350 1626 741 3334 1503 3945
392 6276 1262 2208 2295 2005 8754 9957 8846 2303 7569 2552 4447
393 768 4672 169 9643 4816 9893 1234 3748 3805 4008
394 3891 8036 8307 5802 9759 7795 7321 4368 1688 5084 5527 880 2324
395 1163 9404 8498 1126 3141 6623 2413 1063 3472 8545 7665 7201
396 972 3972 7971 5597 5914 1646 7548 3129 2808 4833 8121 7993
397 8645 7747 5240 942 5924 2405 9631 3435
398 6522 4521 3759 838 7606 4443 6649 1518 7914
399 6277 148 9209 4340 9656 1049 5817 6099 165 2862 5639 3777 8182
400 5805 6237 7002 4882 934 602 7420 384 1659
401 5148 4965 4227 2774 2682 8935 5634 536 3242 671 9309 1653
402 2794 4304 8327 7599 9033 4564 8998 2181 4960 8916 5800
403 8866 5287 2633 8966 2506 8819 9867 3563 4741 7729
404 7776 3693 1703 5748 1026 6621 1333 3592 4933 3209 4842
405 8852 3298 3446 560 7387 7686 4289 4553 9844 2098
406 1604 8753 8220 7872 9460 534 7256 3804 4355 6098
407 3728 1330 5047 5865 5158 6331 9845 6371 9621 8892 713 5019 2512 5953
408 466 714 1749 6652 1913 6412 9221 9553 7194 3827 249 9436 7426 9719
409 5817 1470 1139 3929 536 2976 4029 9526 1407 1281 4935
410 3966 439 4523 4283 3528 72 911 6836 5468 9597 5370 9132 2139
411 1528 8823 6174 2178 7471 2949 5629 2211 8656 5839 5227
412 1678 5292 3608 9780 4540 53 6912 8117 5821 1500 3335 992
413 1714 1470 9819 9441 3657 1031 6747 8045 5815 2568 1178 5885 52
414 2604 4963 7632 3885 6939 5944 4733 6599 594 4367 7707 2445 2453
415 4893 5967 2526 7633 3935 3315 1727 5593 7241 6918 9761 5049
416 4312 2250 8185 303 9359 1590 2293 1472 4948 5738 5279 2517
417 7126 5203 1463 3769 7442 1088 5294 8667 9295 5454 3618
418 2495 6141 6774 4311 4250 499 7227 5369 5557 3110 2515 9981 5567 585
419 280 7248 1701 3525 3297 3636 8940
420 3089 527 2216 9124 1757 6385 6597 578 7536 2529 827 9719 8103
421 6904 3958 1136 1598 3357 5052 9129 8771 0 1570 1564 2243
422 9811 3911 3341 3039 5965 3128 697 7907 375
423 3877 1498 6806 1751 75 9387 583 3051 2180 1960 2374 2433 1692 314
424 2287 1524 7457 2600 1276 934 8959 1522 1140 9627 4261 2941 2171 5035 3308
425 8791 589 6126 6247 3021 5429 5130 1212 5586 8419 7234
426 3964 8938 1432 4116 7144 937 6817 3809 1195 4685 7476 9043 3249 1788 1800
427 8281 7240 1876 3084 5522 6840 1950 3298 3507 567 5457 9541 1715
428 490 971 3741 8569 2678 6598 5867 5146 9698 2353 7320 5569 4697
429 8326 6458 8128 3281 605 767 8716 8314 2870 6199 7227 3689 6754 2390
430 6157 3337 9282 4472 9790 165 1220 6017 5032
431 5041 2989 4051 3451 4802 4203 2394 6186 2629 6460 8603
432 1551 1311 8316 9986 9349 9194 3399 4693 1168 5876 39 3936 133 3997
433 4863 2770 1436 1345 7109 8450 7248 8405 4306 6643 4946 3006 2822 8816 8423 4785 2411
434 7779 6184 9668 2271 7709 6298 5657 438 8347 682 3217 8236
435 8401 1682 336 8979 2664 8986 1776 3147 91 5281 1449
436 9459 5789 6012 9995 516 5596 4633 5221 327
437 483 6302 2062 2178 165 7079 6222 641 4235 2277
438 4101 2015 2650 966 5333 3438 1149 1652 2547 2400
439 1536 3658 246 5 3241 763 5718 9005 2145 7084
440 5648 9060 7709 104 6800 3987 6562 1492 5883 845 4544
441 7625 9191 1005 9375 7108 4339 1883 6632
442 6542 2359 1824 467 9584 9224 2589 7497 8069 1848 4884 2733 5974
443 9466 9195 8278 6169 3334 4872 3063 3200
444 7141 1519 6221 3968 5082 1184 2758 8644 4850 5639
445 1791 6131 3705 8924 8797 2950 2635 408 8280 7392 168 4963 6031
446 4104 9139 2727 3007 7531 1215 7834 4879 1781 8617 8250 7302 8939 3992
447 2072 6823 8183 4069 1560 3589 8628 5582 511 2035 7920 8186 8055 6204
448 7812 8985 246 6486 4479 7420 7539 6048 5327 4129 6064 7820
449 4767 5952 4045 2864 9694 3297 3402 3849 5243
450 1037 838 1051 9429 8672 6671 2268 2667 6944 7952 853 5212 3425
451 6146 9056 9158 634 7031 3470 1191 8536 7858 211
452 9430 2246 1977 6075 8727 7231 9927 9372 115 7560 7182
453 6302 5737 8267 8079 2666 3182 9320 9055 1839 1883 7736 3472
454 6089 2140 3007 1667 1163 8077 3152 6706 7327 2095
455 3971 2213 8760 2082 1813 9724 9855
456 5550 337 4527 6831 7585 3157 2842 1377 8217 4126 6409 3377 1646 6623 5458 3433 7396
457 6996 614 4311 8820 8121 8656 6520 1485 7829 2586 908 5416 3077
458 2066 1303 4765 5478 6129 6988 3229 5229 5089 3473 6313 3773 3843
459 5287 6129 3968 3207 2508 6366 4936 9233 3245 6535
460 1164 7366 3351 4770 1978 8407 4719 1707 3920 8690 5376
461 7484 731 9432 2855 1838 4989 8806 146 4047 9404 4567 5479 9768 8910
462 1935 111 2508 9957 8425 8217 8462 6311 2258 6197 9495 7242 4556 5345
463 6900 9890 4233 3622 6564 1712 295 2752 9922 5468
464 3309 3691 3969 4917 4932 5322 1168 8158 2764 9771 3425 4579 8253
465 6734 1390 864 9248 9245 2911 3060 4559 6117 3887 5583 6105
466 2110 547 593 1881 45 1690 8745
467 4528 5321 799 5876 6622 3914 3871 2162 7944 1758 6864 5931
468 8875 2540 7214 3120 6298 5688 3737 7040 7742 5409 2430 8658 5071
469 8457 8118 2537 425 3229 7508 3035 772 5935 5142 3858 1675 1974 2008
470 7675 2856 1908 2326 6976 5150 8898 1991 7093 5775 7591 2305 395 6234
471 471 6121 1172 967 9375 4968 5318 5079
472 6305 7776 3311 7539 8274 543 739 431 3647
473 3391 9984 4522 975 2888 4717 7057 2791 2885 8783 3201 3681 5124
474 4504 9034 7103 2803 8382 4652 8295 9623 329 5405 307 1595 3199
475 5581 4176 2622 6656 7667 7253 926 772 1310 9381 7605
476 8264 8052 8247 9334 5513 6656 6557 4928 9706 7610
477 244 7396 9085 6681 5052 5671 9469 1863 7280 9956 981 1897 1512 3080 757
478 6250 9814 904 4021 7650 3935 5213 5506 2500 5006 6753 8231 3490
479 3267 6503 2583 866 3679 2784 8752 9660 267 7982 3705 9921 9854 7596 9797
480 2984 2693 5716 3694 9478 9945 3281 3675 8394 8466 4322 7946 311
481 6043 7947 6453 1073 1519 5616 2639 1233 6825
482 9286 6110 327 744 7173 210 9133 3036 3061 9589 9928 589 6257
483 1879 2566 8191 2222 791 9952 922 2804 2716 5766
484 4385 7244 3699 2629 7977 50 9664 63 8705 5994 1621 6492
485 9600 6932 7009 3640 3756 3737 4036 5228 8582 4524 2282 276 6218
486 5681 6926 285 3248 4640 1328 7762 1958 2799 3094 3751 8146 7767
487 8049 1296 1441 9682 9919 33 9783 5116 1394 3519 9863
488 2638 6262 8570 8264 458 4261 6818 6632 2863 6522
489 3131 68 3815 9603 5275 2684 1850 2811 4162 2227
490 5520 5611 6328 1699 7737 9075 2149 8189 3939 8688 6917 8237 398
491 3344 1181 1165 4689 6272 2906 6109 6242 2487 8470 9460 776 6494
492 3262 5980 4330 9878 9928 9888 3467 3278 6210 4775 9617
493 4891 829 4789 5850 1504 5548 5088 6928 3215 691 4902 7316 2451
494 5865 7786 9536 8260 3149 8795 146 4874 671 308 6324
495 1178 4711 9002 8869 2753 66 5914 8734 7704 9149
496 6755 9153 2582 4309 5110 3633 7941 5251 6478 6969 9751
497 3450 6711 2734 7747 1687 4809 663 6882 6881 4116
498 6000 5950 7087 9651 5852 5885 5548 2378 1818 7338 8571
499 5559 8163 6387 2968 8709 2767 8346 7764 8228 4280 9096 1250 4805
